1695714292
1695718655
1695719588
1695722632
1695774624
1695777258
1695824321
1695827776
1695828592
1695830357
1695830621
1695874738
1695952698
1695954153
1695954984
1696001281
1696034272
1696035553
1696040832
1697500436
1699101792
1699151993
1699152850
1699182547
1699401790
1699785562
1699789583
1699811410
1699867385
1699936469
1699945185
1700011520
1700019654
1700022986
1700028051
1700321855
1700466489
1700578779
1700756745
1700791352
1700833653
1700917979
1700984167
1700985425
1700991110
1700994993
1701008781
1701008810
1701147086
1701266223
1701267164
1701271822
1701351138
1701567600
1701660338
1701671573
1701837799
1701842695
1702547262
1702554536
1702555687
1702562921
1702619603
1702660491
1702965967
1703064332
1703091702
1703239297
1703339540
1703435477
1703666034
1703666133
1703673221
1703840669
